average_length: 660.0
length: 660
rms_action_change: 0.04407962466408902
average_return: -229.25642733535958
average_rmse: 0.090117622930564
rmse: 0.090117622930564
rmse_std: 0.0
exponentiated_rmse: 0.9138236923288241
exponentiated_rms_action_change: 0.9568777633691394
failure_rate: 0.0
failure_rates: [0.]
average_constraint_violation: 0.0
constraint_violation_std: 0.0
constraint_violation: 0
avarage_inference_time: [0.00529822]
early_stop: [0]
